0 0.38735937304142415 0.1772334720906885 0.21325868676785795 0.1014046902874393
0 0.34747581376361475 0.2925916991294349 0.11354252965749527 0.14376202335696497
0 0.5523224812541008 0.29054215116186366 0.1327726907221905 0.11779055674305985
1 0.44433356771794746 0.30854565657214 0.09457235376405233 0.09951191818411553
0 0.1983764219762913 0.415038663631769 0.0924315336118279 0.16187552586424747
1 0.4795282628887623 0.4428380885463091 0.49545837452429886 0.20949730126627647
0 0.2566412026223697 0.5588281160599091 0.13548119665368966 0.1459610208496825
1 0.5864878701128557 0.5531414395625235 0.2888661818249421 0.0801949315119506
0 0.4130331240671884 0.5769606874509524 0.07212435079830275 0.08481292069139794
0 0.6083257194282836 0.6283771202830513 0.3161290187830804 0.09815532132453626
0 0.36213381034075465 0.6715206811827462 0.18819501977166347 0.09911476458147632