1 0.362893867977422 0.34364808254066004 0.12927947560311148 0.20141964247680572
1 0.8055035487937771 0.4156770446403478 0.1909088846548567 0.5903016109416667
1 0.715282548891973 0.4784296581474659 0.05570562021691714 0.1762728656913195
1 0.5422126875538503 0.5455047893220144 0.03937157220870695 0.05403418977951393
1 0.5038178080653551 0.5641450333380907 0.034947692622015934 0.09923758700597211
1 0.43186554001317834 0.5757533741437851 0.07554542154477702 0.09549564437666672
1 0.6565473774453918 0.6356778072737853 0.1416067587805987 0.17202308320625015
0 0.14345247980652392 0.5916998035709723 0.05387040944452863 0.12936149810013903
0 0.19705874795689654 0.6445169854667017 0.08842721662612103 0.16141158510611114
0 0.8480485553348807 0.7581197709889937 0.25225336729005077 0.12460518218006963
0 0.7559423476857501 0.8763047669049312 0.4168249273985095 0.21592377925402814
1 0.5460386869646752 0.1564786569131949 0.12647263817089804 0.2560344072944446
0 0.7539006630587659 0.28711498033579924 0.10130901170746505 0.22732752583555554
1 0.6967785094679698 0.30141256325770893 0.06986811416679295 0.1937876740119445