0 0.39323171106207644 0.4751529734618122 0.7441071863824872 0.32770087840834067
1 0.3002208102437698 0.5639932805452086 0.159980179126093 0.1524624455488821
1 0.49092765579726605 0.5652280067374953 0.19797125244707062 0.16674311416679294
1 0.17572180724854491 0.6014438044511179 0.04729664065150563 0.10181703005422946
1 0.17048372494189254 0.6975875514260558 0.05659722958157998 0.055005662567786474
1 0.49578382530471227 0.7042905067374953 0.07903771397248338 0.11606133723582168
1 0.6812674575186974 0.7125882991865605 0.14439487386128266 0.2429783612399266
1 0.2753274815653145 0.7462063377268009 0.11214287985173241 0.1693681444174139
1 0.7935963319281342 0.7517866336919077 0.08809031015895172 0.24108860831306062
1 0.1002208433608796 0.8113005934823375 0.07560517912609303 0.15197156615858276
1 0.1691444581516696 0.8382489128623742 0.036815497637747274 0.1595568071815922