0 0.8628974344149445 0.44116145605604984 0.2265578029821363 0.1673934031404208
0 0.20613295737619808 0.3775580133278352 0.1513304824490227 0.15739862602253202
1 0.45130070486891566 0.40654814601428474 0.1415008413827959 0.1415008413827959
1 0.6466048446815013 0.43877092728880857 0.20325669530200424 0.17139894154108043
1 0.30048000244077544 0.4544591456185733 0.07173391066226813 0.15820495658477524
1 0.21324442689309714 0.48782792359439187 0.047585705331134064 0.07944345909205772
1 0.6321966668639674 0.5874441080093364 0.0915463054894186 0.14160848997087
1 0.8185349836361571 0.6334566046441241 0.1462912929530063 0.2524838054894186
1 0.3934978797169487 0.5929880996960661 0.11897262351524959 0.17206887978345567
1 0.20773387595602505 0.6203676389546557 0.0663189849563052 0.13306856426490726
1 0.9274757261143096 0.7021958959477776 0.09749008010002491 0.23857441818411546
1 0.10830217728880853 0.6369891861308041 0.07804609514371963 0.10686977711788863
1 0.27199260424841265 0.6558026852728743 0.05237615690134447 0.19042642319868044