1 0.6212688417120004 0.7368873201561168 0.07888116943775678 0.08236112141421188
0 0.4690614840318684 0.7468947811333753 0.15929609514371953 0.11014387023308565
1 0.3806542695960413 0.12747514773826374 0.19389841567683294 0.11915677168436441
0 0.5856061940483629 0.16867804501319134 0.26808738809672583 0.33735609002638267
1 0.8444152412245114 0.2393401644436687 0.3111695175509773 0.24227186787083282
0 0.46444791105797956 0.29268843077055556 0.21123433135366607 0.2321478450053421
1 0.2736554264973857 0.32046623430608534 0.21047346489804558 0.3132887176006804
1 0.9288022645814763 0.43337785192246425 0.14239547083704734 0.19909724282842375
1 0.41932093065402076 0.4350321873939775 0.1235571719450391 0.06206846878180681
0 0.39086096153283323 0.4782563977382638 0.11610838479802066 0.07429565027015243
1 0.6571140988381363 0.5174453501931837 0.4427069548689156 0.4088095818433162
1 0.11347775910469302 0.5403397686043215 0.154273626022532 0.1521131154237622