1 0.3390997386520726 0.2599383235026143 0.02814484736759475 0.046085389812585656
1 0.42632692014041834 0.24957983353174412 0.032251994009550346 0.07430131802583091
1 0.47802582939624544 0.25198576801319567 0.03337798439090349 0.06184678213245363
1 0.6774801923729369 0.23054136236549247 0.025238102176918176 0.05224446159934022
1 0.5461309886520727 0.25391432937510905 0.02189484736759475 0.045903533386094875
1 0.6109747386520727 0.2520275689502678 0.025238102176918176 0.05224446159934022
1 0.36470986306150943 0.29907737984996274 0.03559524881887368 0.08064224623907634
1 0.296505500084818 0.3167028005413607 0.028144847367594837 0.046085389812585566
1 0.5761557945498552 0.2851044934025894 0.026364092558271324 0.03978992570596294
1 0.51272077712666 0.30493727177411933 0.022003974772256463 0.04902853338609488
1 0.7030183949126749 0.29001565076615227 0.030143856986241602 0.05863085391920828
1 0.33032742857793884 0.3446543043022844 0.027127984390903314 0.061664925705962936
1 0.6401290145127883 0.3254734291376822 0.047896841377145095 0.12002299498543509
1 0.3989782248570745 0.3622078656641977 0.035704376223535304 0.08376724623907635
1 0.47071681560124734 0.3562102667595545 0.04800596878180663 0.12314799498543501
1 0.5521577885594053 0.359314883215175 0.03047123920022692 0.06800585391920819
1 0.36206106741534594 0.4023842362764535 0.024112111795565116 0.06469899749271768
1 0.6910938029873757 0.3740413097790677 0.027018856986241603 0.058539925705962934
1 0.5950099766711731 0.39951633438967393 0.03436013103285873 0.08997178213245363
1 0.45348716478294077 0.44508255014564924 0.038556557711881115 0.07604567445232177