0 0.17624530560261262 0.29093739057694457 0.09135347727182852 0.1333229526972918
1 0.5628628697266419 0.395287236985313 0.10634327759614007 0.1867752610179167
0 0.10191173295716671 0.38534004758704865 0.07078760714144487 0.2078138064207639
0 0.6398560178602027 0.4619493665443408 0.1075354050301243 0.34455139342673624
1 0.3173906826328551 0.4435019589655559 0.20041265178371362 0.2967334488975695
1 0.17096965016545104 0.45885158919017377 0.13027170129724625 0.21544577488562505
1 0.7173031335263597 0.547379679898959 0.12265011606989873 0.22620143692972228
1 0.8821684285756654 0.6395340783596882 0.2099046542193456 0.2141755220358334
1 0.5239877357998358 0.6522996499793408 0.09017280681713338 0.15516158510611114
0 0.28886981087761837 0.15209505575517385 0.15351037824476324 0.2940799211621529
1 0.41484592979018603 0.18863458064079897 0.1560080868489054 0.258215156344514
0 0.8971481408299603 0.3186585339067716 0.20428549431466186 0.5186084488975696