0 0.7719048354873609 0.32530251456082304 0.24942726348645863 0.4480942440324531
0 0.3415789430105552 0.45840010928550223 0.36414176728618086 0.34320784404836147
0 0.9268267651988886 0.41410029053950587 0.13165396276527802 0.22022268801718106
0 0.5966086690748605 0.608516098583731 0.16264808320625015 0.1424794960216353
0 0.7527859338924994 0.6098229652291867 0.18474128875333343 0.15210903469127146
1 0.32742095155993 0.6975626066200021 0.1622857137152085 0.19402381468808994
1 0.46753680528340213 0.7178012866009121 0.1591607137152085 0.19398745202099904
1 0.9125778547703118 0.6571690378740058 0.1506234747331252 0.29698518268618096
1 0.2198792488626382 0.7878523466343197 0.17006184612402792 0.19255222135581712
1 0.615374240028923 0.7418553099140949 0.16813567021222225 0.17690904002227156
1 0.7785645710509715 0.7438616105585959 0.19284472948277803 0.16469994135899882
0 0.09276992857416592 0.8799318533179553 0.140700348023889 0.13909995735199915
0 0.3597580600330548 0.8518319359484569 0.13928331838861122 0.14533177601845396
0 0.48850065587274233 0.8573632259309578 0.15138327488562506 0.1282897266868172
0 0.2339573198167006 0.9212461019653198 0.15596167211208342 0.12365677068745348
0 0.6325591271873952 0.875993952578004 0.15596167211208342 0.12365677068745348
0 0.7904079947785757 0.8725951378899142 0.18281511284152785 0.13646585335772626