1 0.6393254279449666 0.2275774949318344 0.02825397477225664 0.048592036104353475
1 0.47026789309857636 0.2645058440715128 0.024275802902557687 0.06887726502711464
1 0.5240476575265467 0.28294677186280576 0.021949411069925696 0.04699317466803503
1 0.3958953756753812 0.2829109313073344 0.04406251324684387 0.09867384933607007
1 0.6536632356568477 0.3025093172387373 0.024856156260602093 0.040761355386194256
1 0.3326240493591786 0.30593988602959876 0.021949411069925696 0.04699317466803503
1 0.6143651226801563 0.31836612139526754 0.021622028855940556 0.037618174668035034
1 0.548449946001134 0.3328149616561513 0.022058538474587407 0.05011817466803503
1 0.7350422104291043 0.35048320892567675 0.03192461179556503 0.0642352168225127
1 0.36275798266162285 0.3409279643866258 0.025074411069925695 0.047011355386194255
1 0.6662475704105708 0.37198147990471975 0.028382949544512925 0.09702044574527395
1 0.5020759430059092 0.3698109676080797 0.040684542102784424 0.13614657825883122
1 0.43011909745241284 0.36788537412574207 0.025039694735189678 0.09075226502711464
1 0.5800744574338793 0.3881109948336386 0.03715774881887377 0.07988748789975161
1 0.3892411263083534 0.4056308138208918 0.02249504809323426 0.06261817466803503
1 0.7113443048014741 0.4326689950300303 0.021949411069925696 0.04699317466803503
1 0.6209375596107977 0.4394462358566481 0.03715774881887377 0.07988748789975161
1 0.4706201010806099 0.4536047055078313 0.037376003628197194 0.08613748789975162