0 0.144829669207086 0.35070800624651594 0.09139768052176751 0.1333397408266178
1 0.5439347897185908 0.3679166695016736 0.1073317527304745 0.18655564441741407
0 0.0910774344305924 0.458829578455223 0.07152151775758915 0.20822156615858275
0 0.6319342385871226 0.4158405642136752 0.10824987899751584 0.3443681444174141
1 0.31367005191703506 0.4684717022863774 0.2017180778660478 0.2964760659621911
1 0.17355813632418635 0.5153790394240032 0.1309328791939076 0.21481699980360816
1 0.725293353146699 0.4824826426688982 0.12318401170746504 0.22570904800821018
1 0.8984081453993726 0.5369423628110606 0.19811128883482815 0.21364538524403187
1 0.5572695401113743 0.6272053110904172 0.0915249455488821 0.1552147408266178
0 0.22472676834676433 0.17993644311299523 0.15495216217500313 0.3149533551898025
1 0.35742563885826917 0.19869501259122774 0.15774081888905728 0.2571590359079618
0 0.8728233798812788 0.2376529734618121 0.24497824023744244 0.4753059469236242