1 0.6391230647676317 0.7254052329777482 0.07590906667727229 0.08030727711788863
0 0.48861453477081335 0.753230019266837 0.1558692866804538 0.10606344655564541
1 0.33543915535486263 0.14888716323605758 0.19033519334818116 0.11487615690134442
0 0.5418436966899989 0.16585100587249474 0.25556239337999787 0.3317020117449895
1 0.8245294746976348 0.20421087991646975 0.33544879336408967 0.23624635471063105
0 0.4364851293761799 0.3030314424655173 0.20414424936345305 0.22773986975432586
1 0.24950329738222504 0.35301838526023904 0.20040217870781624 0.3088534774344579
1 0.922553075688249 0.3873068732525521 0.154893848623502 0.19673391066226814
1 0.40615383406267896 0.4500572066512823 0.12252952800763595 0.05979620031656907
0 0.38245325206872416 0.4952931503039338 0.11329997867599957 0.07202341567683312
1 0.6513850654041786 0.5030983239648327 0.429490789385725 0.39830373700136923
1 0.1131498160804963 0.5898771907496576 0.14856586401972635 0.14958612602253202