0 0.13928819633444905 0.36159424472499424 0.09609427088084713 0.1360386858759707
1 0.5392563800776704 0.36008096875370715 0.1120374334486339 0.19099892126547413
0 0.08943312119887584 0.47182836120192995 0.07933401775758915 0.20917617694751697
0 0.6296177596643615 0.40381160349458745 0.12074987899751584 0.34582278896022595
1 0.3128478953011768 0.47183449513203135 0.21112034894328663 0.30365465421934557
1 0.1742712086310892 0.5250294533291363 0.13719196955298724 0.21799779788867965
1 0.7245575549420972 0.4662104176186167 0.13101469242562408 0.23038870373287815
1 0.8977177989901687 0.510839304795129 0.1997101502711466 0.2222137394466932
1 0.5619706756499937 0.618251978899977 0.09622153590796181 0.1579136858759707
0 0.21373018101274682 0.18765613839432824 0.16434534289316236 0.32002394805083534
1 0.34724211778103026 0.19938675081407417 0.16557149960721657 0.2622387215897857
0 0.8634801961380573 0.22795208157719493 0.2605396077238854 0.45590416315438986