0 0.38285269406426975 0.4844170817493775 0.7269101347071799 0.3194873813663014
1 0.2846157360757238 0.5659051109788372 0.15170904535327184 0.15123955423577726
1 0.47534982407699644 0.5808267319868043 0.1893544960216353 0.16483069279472176
1 0.15843504408017814 0.5950350183424 0.041788605346908446 0.10118206677218974
1 0.14704410542645024 0.6899838054894186 0.05374316534054513 0.054670779625171126
1 0.47228046276254104 0.7197528396669363 0.07318405601527207 0.1145913489046432
1 0.6568372760979955 0.7407426042484127 0.13088856269890758 0.24122805674305975
1 0.24922477076699537 0.7460639724198929 0.10192722135581711 0.16853470282385175
1 0.766721353437268 0.7876750917120003 0.07463856269890741 0.23959134890464337
1 0.07020998010817683 0.7986481001582846 0.06737040802036269 0.1519094924781527
1 0.1377429254455403 0.83029055674306 0.026854496021635386 0.16010242570596275