1 0.419541814752198 0.3022950126114116 0.061690869581383014 0.17251134667409057
1 0.5279975963868596 0.451104135264185 0.049867348821136304 0.0739829400063634
1 0.9668359674139364 0.5131372272040513 0.06632806517212728 0.08682838534372692
1 0.8728418641813566 0.5315065138845053 0.02308467292769336 0.029942038669636163
1 0.5627466225843136 0.5749774399268215 0.3269470909496521 0.4348499040419981
1 0.335723866158523 0.5471358926241383 0.07330484882113639 0.07425566000954512
1 0.0739905287060931 0.5306409253262275 0.11321887749004844 0.2105931493475449
1 0.9338350553978387 0.6472582358768693 0.02276633794672165 0.022129538669636163
1 0.30049597338261635 0.6608807666295472 0.06772601087441492 0.052326116008908664
1 0.9623486690477229 0.7907446065404604 0.052865014828747545 0.07089430267345431
1 0.7739255672236558 0.3098956905633684 0.027865014828747547 0.07060340133672707