0 0.5750177542231422 0.3416285905872309 0.3752801109788372 0.28239761338317954
0 0.37466240155757513 0.3830092106142751 0.3291037929530063 0.25218285471036167
0 0.7389545705996203 0.4514019378978683 0.15597251834239997 0.15332608935390812
1 0.5865138807078926 0.5101876865850038 0.16513691818411544 0.09251585868872639
1 0.6947750100956369 0.5471962432368226 0.08945495658477523 0.068205654678545
1 0.34883202428140186 0.5192012492839113 0.22451191818411545 0.09320674936345323
1 0.4820165973217977 0.5317092452657758 0.04893760517284953 0.01775112133990877
1 0.5310845831360327 0.5631586925923215 0.2104661385589445 0.03993629869508961
1 0.1748262229486183 0.5407506273074557 0.04373327962517113 0.05361589600572696
1 0.36318402929596677 0.562769435948457 0.11309103338609479 0.02162155601527207
1 0.270169815189344 0.5654137252944109 0.05348871285298138 0.013118165340545218