0 0.5499934678961803 0.3391827581914235 0.3655938580918752 0.2692782825883121
0 0.3584586249062844 0.41073452956325 0.3196267414506252 0.24088966217500313
0 0.7316961031547913 0.4215008753832786 0.15029355357097227 0.14772949375348396
1 0.5915055546178121 0.5027276286047325 0.16293771751493064 0.08687380698520072
1 0.7051316435236454 0.5221412248175445 0.08746493882958344 0.06612496974937905
1 0.35758384308680513 0.5490294151018694 0.22227634992375006 0.08565674063022613
1 0.49139579863388844 0.5404316408031767 0.04723867591180557 0.015897710772388506
1 0.5463372185617704 0.5634105985505031 0.21006598423243047 0.03090560811666876
1 0.18925076396461757 0.5972754966803503 0.04186149810013893 0.05336134933607006
1 0.37929453571611066 0.5897862253085238 0.11290004350298606 0.017842005853732346
1 0.2882694922131245 0.606446484481906 0.05334320554708336 0.009684072208706951