1 0.3998087495377816 0.30198407441728603 0.045580587621872226 0.17173115626060226
1 0.5187442691338229 0.4385986422959681 0.042670884798020656 0.07173115626060227
1 0.9654402781404208 0.45109114157817787 0.06911944371915837 0.08370536660488845
1 0.8679917628656166 0.4811457185273527 0.02117631802583091 0.030396828130301045
1 0.5628927373970807 0.5582737360353659 0.28856502414838764 0.4221577753125615
1 0.33447222070403326 0.5560837865756708 0.06762542069139794 0.07104167549789597
1 0.07128189891727861 0.5684027704184201 0.09814329796757124 0.20790675843752063
1 0.9376259644358271 0.5897642611782914 0.020903533386094963 0.021021828130301047
1 0.3081490645941117 0.6727454969199571 0.06230142319868044 0.049002984390903316
1 0.9761154660851797 0.7299701097270125 0.0457049565847754 0.06871528366526398
1 0.7523881802583094 0.2709026776905126 0.020750420691398118 0.06940476442797028