0 0.5390625 0.3640399399268216 0.4828125 0.37280553206554246
1 0.809375 0.4694883192234596 0.0203125 0.015861357336090797
1 0.3875 0.5478347792807297 0.0265625 0.01280908267027243
1 0.42421875 0.5419387679424117 0.0140625 0.011101132001908987
1 0.35390625 0.5576006779519568 0.0421875 0.03642839600572696
1 0.471875 0.5413842372692756 0.0515625 0.022474984006999675
1 0.68359375 0.5170456665738679 0.0265625 0.01593408267027261
1 0.57890625 0.5362325659214127 0.078125 0.04153406667727229
1 0.64140625 0.532380312579595 0.0203125 0.015861357336090797
1 0.421875 0.5693097899427298 0.06875 0.052362478675999566
1 0.46953125 0.5695365092695939 0.0203125 0.012736357336090798
1 0.44765625 0.60807229793923 0.0328125 0.037881808004454245