1 0.8553404432111911 0.2706773762374645 0.23980790944452862 0.13368924145062522
1 0.2764791241257421 0.4106958849742706 0.06432612041330898 0.04680357123840277
1 0.21386094945770706 0.4324630886214928 0.04081589754067192 0.033758057370694414
1 0.3865490157144857 0.42297571979604137 0.1694681383672898 0.12736519984750014
1 0.23793425371243315 0.4568993909581943 0.04394089754067201 0.033830792553055745
0 0.9038955969983788 0.383594297115277 0.1822499394987581 0.17609364057694457
1 0.6277143711988759 0.4587631769586453 0.2917249334486337 0.19582687195958356
0 0.5619802868899205 0.47904061578822865 0.15095448770335979 0.16755378875333343
1 0.8277098260193361 0.45488937528753404 0.08783634328594588 0.05984908510611113
1 0.320818955704223 0.5768287248300344 0.04882838544042354 0.06831489532659737
0 0.4222996424725064 0.5885273314032983 0.17922493344863372 0.19320840539458342
1 0.9367439375538502 0.510937393904895 0.12111245159900648 0.14030030452090295
1 0.8210234887835144 0.5300348456522563 0.05341589149054791 0.051236498100139014
0 0.6981490701656036 0.57038970155993 0.37730790944452863 0.13688958947451405
0 0.8633695491865605 0.6360659868947909 0.2665158551898024 0.15930749050069473
1 0.15504500654110354 0.33775130708635404 0.09099770472226432 0.06617182028847228