1 0.8448505325946719 0.2992663522668856 0.24444398495630537 0.13545012499835227
1 0.26509117326518744 0.4259348031636854 0.06542642319868044 0.04799321509696384
1 0.20275865782578126 0.44595124837514694 0.043187710345698974 0.03511138555165925
1 0.375664960412206 0.44037122442915944 0.17399509263643714 0.1295353157455871
1 0.22624998211981834 0.4713739882288772 0.04475021034569906 0.035138659090609536
0 0.8931168848645277 0.41344762905224686 0.18942151583511765 0.17665577759614007
1 0.6159573397999503 0.482866236196987 0.29782504922121245 0.19885015178371362
0 0.5505452884671668 0.5012656343305479 0.15794419530200407 0.16829780681713338
1 0.816852250066507 0.4824646359521057 0.08922763605166181 0.06090231818121907
1 0.3086867459098719 0.5931865328711459 0.052000420691397944 0.06962275324641087
0 0.4098855330568904 0.607459312902918 0.18679662100796718 0.1937887305182393
1 0.9237638281214678 0.5421726469091543 0.1259213054894186 0.14118983603812651
1 0.809178490895307 0.5581504285657795 0.054579851411925874 0.05092730032431163
0 0.6861441561764285 0.595866842527653 0.38047241316955044 0.14094792288703192
0 0.8490784136982759 0.6643692008869138 0.26865437476889087 0.16242172808260733
1 0.14457173627645345 0.35035633035608366 0.09409699247815259 0.06723413879807012