0 0.195329638956465 0.26447961475596815 0.09766586123992678 0.13650110226293632
1 0.5758705909482548 0.38413656714054145 0.11516243344863372 0.18972609621281206
0 0.11590069330938697 0.3547824278894889 0.08245901775758915 0.20828519867214013
0 0.648117774789672 0.45402636544333924 0.12544646935659554 0.3460306383672897
1 0.3280007175098838 0.4222961390546609 0.21425443930236626 0.30279878883482797
1 0.1810757205349459 0.43174438280814487 0.14032605991206681 0.217996541958086
1 0.7202558743221339 0.542666163746137 0.1341396924256241 0.22889768052176757
1 0.8798348865205782 0.6409531519404762 0.22004083098930566 0.2231476502711466
1 0.5212684075978169 0.6383518893492484 0.09778403590796181 0.15681360226293642
0 0.31715061768283437 0.13994322306902868 0.1688237646343312 0.27988644613805735
1 0.4396114249626226 0.17165526873954778 0.1687055899662962 0.2619101684215191
0 0.89809556977282 0.32210770317014015 0.2030452702916719 0.5246010659621911