0 0.874716771100023 0.590789383015654 0.12251729707460549 0.4876938797834557
1 0.1903884098980931 0.663018140208297 0.08295241639421018 0.27883570533113405
1 0.27861688716992167 0.7967686660725445 0.06750687418757347 0.10972199247815269
0 0.35155950932890023 0.8152889970304991 0.08953760714144483 0.2087505258642473
1 0.6674299711794534 0.8385352465682807 0.057968232953871456 0.10007420783841639
1 0.4424299711794533 0.8319884152146146 0.09511367694751698 0.08085284639736087
0 0.9148081627407623 0.9126473818285199 0.17038367451847555 0.17470523634296029
0 0.16413342166592065 0.9035378401291547 0.2991387037328782 0.13832568025830944
1 0.39469367491233154 0.9567495882486929 0.09845686525911965 0.0865008235026142
1 0.7067260706102605 0.9757574840983754 0.2027079886359143 0.04848503180324926
1 0.1623448250744873 0.9800094119159093 0.0628545560063544 0.02213106426490725