1 0.27817518749752856 0.3609375 0.03938187418757346 0.1078125
1 0.21190135105236493 0.41328125 0.045822788960225846 0.11875
1 0.6301252455324778 0.47265625 0.09719437418757337 0.1078125
1 0.46611729261037854 0.47578125 0.09892051542127547 0.1171875
1 0.35805142247999483 0.55078125 0.09879560470581286 0.2890625
1 0.6672861006453278 0.5875 0.09943871266133186 0.146875
1 0.5143111051095547 0.59609375 0.08331488068039512 0.2078125
1 0.8799594245085898 0.6421875 0.05012845941492117 0.096875
1 0.25096167126217883 0.5921875 0.051418224025417646 0.08125
1 0.16037362743068906 0.6390625 0.07262284253094826 0.221875
0 0.5209455198855023 0.12578125 0.26064103977100467 0.2515625
1 0.3284131465087078 0.15078125 0.19745129301741562 0.3015625
0 0.1495478068171333 0.153125 0.21784561363426663 0.30625
1 0.7355007179363378 0.28828125 0.05826824188232518 0.115625