1 0.32260860729631985 0.263176983769171 0.027089758672817866 0.046085389812585656
1 0.4094364452975926 0.25127872585161215 0.03210452267663584 0.07434678213245363
1 0.46174383263050167 0.2528806782797524 0.03353975334181776 0.06345474623907635
1 0.6611898492998197 0.22755275468536054 0.025599984006999678 0.052289925705962935
1 0.5296762199634107 0.25402798964166573 0.020839758672817864 0.045903533386094875
1 0.5945381512969562 0.2505787292168245 0.025599984006999678 0.052289925705962935
1 0.3471540739576838 0.3015120580632081 0.0353204293443631 0.08225021034569906
1 0.2782131699554566 0.31991872875460603 0.027089758672817866 0.046085389812585566
1 0.5582279339592746 0.28365565366914613 0.027035214672181597 0.04139788981258556
1 0.49471941728995655 0.3050281999873647 0.02243862133990877 0.0490739974927175
1 0.6854898679583201 0.2869815789793976 0.028797709341181487 0.05863085391920819
1 0.31147056528486583 0.3478475004622184 0.027271572008272394 0.061710389812585656
1 0.6210273786203203 0.32322060735092756 0.046694281349453706 0.12006845909205772
1 0.3800023892823205 0.36459707977082045 0.0353567920114541 0.08537521034569888
1 0.45115977394972956 0.35705971291948846 0.04673064401654479 0.12319345909205773
1 0.532364320615866 0.35860182937510904 0.030469297342454026 0.0680513180258309
1 0.3412666059436844 0.4047734503830761 0.02418293467536321 0.06474446159934022
1 0.6712359166136388 0.3709617738856904 0.025672709341181488 0.058539925705962934
1 0.5740791059436845 0.39799929849629667 0.03384883601209019 0.09001724623907634
1 0.43138252860441195 0.4458865321989606 0.03681020401018138 0.07604567445232177