1 0.5918898226031875 0.44772255917364634 0.24548116950744614 0.14466310904180588
1 0.10807283939341047 0.5772008924768056 0.14191965988879934 0.129762848023889
1 0.8533977522774346 0.5046317482875702 0.2682143197775986 0.25916202013597245
1 0.362924030500403 0.5784413098392365 0.27378970798203356 0.19528135809187522
1 0.1450098110856241 0.8180993026210419 0.2334920901960187 0.2037108007211806
1 0.6296229132625424 0.7777743882958339 0.2905109604291042 0.36116093123013915
1 0.8951660677090463 0.7863006287965286 0.1636160998146657 0.21457425911805572
0 0.41406734593201444 0.8603283958952781 0.13171133538669527 0.19509690729444457
1 0.37511891862001995 0.9646836884967882 0.10886905771188111 0.0706326230064235
1 0.3358506760460501 0.14464688487736138 0.12956848202865068 0.22314917211208343
1 0.5770833112552601 0.17762761151034773 0.2701389183263199 0.22485975531833358
1 0.8421453160645835 0.17754191821545212 0.2657093678708328 0.3215529173624308
1 0.11453372595338289 0.24253495174736123 0.22906745190676578 0.36006990349472245