1 0.1913180800445434 0.328125 0.09153516136218051 0.2125
0 0.31803621606458793 0.47578125 0.0762545120146357 0.1078125
0 0.5879856367361331 0.51171875 0.268443106699544 0.2421875
1 0.24563450473422418 0.49765625 0.09098972135581711 0.165625
1 0.3999316534054512 0.53125 0.12158519334818116 0.109375
1 0.310324260741542 0.5515625 0.0678965720082724 0.0609375
1 0.710461168085587 0.63046875 0.07360222668681722 0.1484375
1 0.5432014900938593 0.69140625 0.2722397213558171 0.165625
0 0.9549147666693181 0.20546875 0.09017046666136394 0.3328125
0 0.8537089920432708 0.31875 0.1416613360120902 0.0890625
1 0.7239124040419981 0.309375 0.157268154678545 0.0875