1 0.3919930990414825 0.22151532441728605 0.028397710772388507 0.047857146641955416
1 0.47801241227319907 0.23257682078908895 0.031686337235821684 0.07609127404661713
1 0.5281078610435349 0.2472370323145016 0.033176114363184794 0.06364583774894798
1 0.7259504634046672 0.27236597396964835 0.02529998184962743 0.052435519237293705
1 0.5930697857115701 0.2652851386677711 0.022138620413308985 0.04607639183263199
1 0.6556561441228264 0.2779463405745368 0.02529998184962743 0.052435519237293705
1 0.4063146742752516 0.2655555010963083 0.036410198672140126 0.0825049651536097
1 0.33599308391617194 0.26644836770119684 0.028397710772388507 0.047857146641955416
1 0.6136004543294808 0.30207581053746996 0.026798849336070064 0.04155258293962456
1 0.5472032946885605 0.3059572678865313 0.022156801131468028 0.04920139183263199
1 0.7341402133064714 0.33693690545799404 0.030032933645025395 0.060411710344286274
1 0.360425457354543 0.30232138031506856 0.026917024004105096 0.06186508293962447
1 0.6647044120768073 0.35577124021171713 0.04756586729005097 0.12038691106992569
1 0.42234874043383436 0.33532236407299976 0.036428379390299345 0.0856299651536097
1 0.4927385084860111 0.34614824746811124 0.047584048008210186 0.12351191106992569
1 0.5702277042312851 0.3684473442027339 0.03164997579950324 0.06984127404661714
1 0.3756373668972675 0.36508427514292546 0.023810204722264316 0.06488095553496276
1 0.7002106409013725 0.4146998069092729 0.026898843285945873 0.058740082939624474
1 0.6009873457218328 0.4173833520072822 0.03489315046753809 0.09026290145127884
1 0.4518004119786115 0.42806293557987896 0.03793633723582168 0.07630952885594056