1 0.2676720420512249 0.36968304803407825 0.03092383068109026 0.1071138180258309
1 0.20426407005886094 0.4277970764056082 0.03728291868236289 0.11667067445232178
1 0.6249401967297699 0.446817231724107 0.09024428668045381 0.10415395407749273
1 0.46182257873167887 0.4656307308661772 0.09035337468172652 0.11352895407749272
1 0.3588799394095874 0.5514665939565854 0.07676468403881635 0.2880743130112659
1 0.6692089120782692 0.5572857187919832 0.0891545013526354 0.14473348997087002
1 0.5178645880808144 0.5804457371343833 0.06800675469445316 0.2065969924781527
1 0.8845071954169054 0.5900969041313646 0.04327838001272681 0.09497753087881229
1 0.25552822008272347 0.6021462070469937 0.046221566677272286 0.07944345909205772
1 0.16708388542326857 0.6578626611244865 0.055688568029907695 0.22185827962517113
0 0.4943868940165447 0.11645340528524528 0.2434612880330894 0.23290681057049056
1 0.30258120202099903 0.151550476643035 0.17391240404199806 0.30310095328607
0 0.12533744935549898 0.16287207304039586 0.19442489871099794 0.3257441460807917
1 0.7180163927036801 0.2518564212201234 0.04976473734881744 0.11547188730530315