1 0.09170134131972286 0.7004278086807721 0.06852390340856666 0.07734429734245403
1 0.1596194983817375 0.7488840373567717 0.08285913879807008 0.0931329293443632
1 0.21792687622275891 0.7659720873647258 0.07660913879807012 0.09306020401018138
1 0.1690332288999769 0.5677067626909534 0.15358074188232518 0.11738858935390813
1 0.7735746785756653 0.6278770294398133 0.058903441558013726 0.0631727093411815
1 0.7810075288205467 0.8287855487746313 0.1193421095770768 0.12480110001590816
1 0.8630387788205468 0.8297400687857672 0.07364778003177222 0.1023988413430903
1 0.8842671221655692 0.9565752887889488 0.1310784504864671 0.08119655068427178
1 0.7216540738698525 0.9163940894334498 0.06657957386326192 0.05545111600890849
1 0.47119792654707043 0.7157833727323151 0.07542846834337488 0.11491702267663584
1 0.4270014618538484 0.47225100139240633 0.07170345048646745 0.08050566000954511
1 0.03318198539115104 0.4949766926718634 0.06636397078230208 0.08989884134309048
1 0.03616004789197487 0.740334646005727 0.07232009578394974 0.09941929201145391
1 0.3587696590939048 0.4417635227164068 0.08049779788867957 0.1368465666772723