1 0.5904597259707286 0.1914633749442284 0.030269302673454134 0.05120967292769345
1 0.4257063352960017 0.2575234095446396 0.02738066000954511 0.0713948389353046
1 0.4802574752944109 0.2670138146778358 0.02400112133990877 0.049392504942915846
1 0.3535040712921837 0.2885770913695816 0.048038605346908445 0.1019100098858317
1 0.6107080439608654 0.26326012049560416 0.02705339600572696 0.0432698389353046
1 0.2929841946212748 0.3222782707230656 0.02400112133990877 0.049392504942915846
1 0.573743845958002 0.28585004490617233 0.022329533338636055 0.03995383794672147
1 0.510198966621593 0.3110848082520452 0.024037484006999676 0.05251750494291585
1 0.6962182826225475 0.2964771857049126 0.03513861600890866 0.06702567391627659
1 0.32621431795036593 0.35215943030488617 0.02712612133990877 0.04951983893530461
1 0.6302387466184113 0.32961994954507706 0.03239542401336308 0.09971083992388782
1 0.4667211392823205 0.356585650647391 0.046912457351999136 0.13934634288963732
1 0.39553648261459334 0.3672949989742358 0.02919769867918127 0.09333350593149907
1 0.5463268232813661 0.360369883841477 0.04000792934436319 0.0828416749048598
1 0.3583177459420936 0.411759923384804 0.025745434675363298 0.06508117193911023
1 0.6803836499443208 0.38223827216875933 0.02400112133990877 0.049392504942915846
1 0.5911029739417755 0.4046172909518396 0.04000792934436319 0.0828416749048598
1 0.4438279846037757 0.4449769885941125 0.041643154678545 0.08915534190105419