0 0.5048908196079627 0.40894904027194484 0.2583532248570746 0.3791472118153475
0 0.8004835726031875 0.4525776325962507 0.3826637440943685 0.40702025151861143
0 0.4049776104448027 0.5160874334143406 0.09315477767481432 0.1192604526972918
0 0.31607880155179524 0.5093269807170488 0.07106152286549072 0.11250130642076392
0 0.23402026970062986 0.5081989321800696 0.056344258437520445 0.09342399810013902
0 0.15608624265878784 0.5009118026210417 0.0670635036281971 0.08742857123840295
0 0.030714220426269263 0.486265461531007 0.051274812521204506 0.08237739532659738
0 0.09169636044480271 0.508795731382639 0.03779266587924908 0.05396145459715278
1 0.6031844427514551 0.6168726026766325 0.35789188947037937 0.18943270801562537
1 0.831917077960665 0.6495623885801743 0.07959821996293322 0.04400587955902786
1 0.8739756031884085 0.6990181811332299 0.11838790145127902 0.03710256933854161
1 0.3286011050025071 0.6433207742200351 0.03535714664195542 0.028925087005972117