0 0.579440738174183 0.35222756800736155 0.3586242193911026 0.2581099728332642
0 0.38983175152005584 0.4110356042921531 0.312229380455798 0.230492812689028
0 0.7628209239534577 0.4470348409931256 0.14635502965749508 0.14389808320625014
1 0.6236894397707884 0.518725390195695 0.16099584980971962 0.08179812670923621
1 0.7379575282118015 0.5455807905562853 0.08529551285158128 0.0628649823325695
1 0.3899656971851623 0.5484083177230211 0.2201161818249421 0.07693009517409735
1 0.5242451966908707 0.549192180564549 0.04744800296574958 0.015153527735416717
1 0.5784207021280781 0.576209928664688 0.21013900395433271 0.02362325721819456
1 0.22208978908621643 0.5850874340799307 0.04109984387822054 0.05090918977951393
1 0.4127466225843136 0.5903055302039586 0.11294566897336082 0.013555966564999977
1 0.32110029205196594 0.6014410923243059 0.05344333498097189 0.009048998100139016