0 0.6473370456705191 0.3007662816815294 0.3371465177575891 0.21954369600113396
1 0.8321296813073344 0.35680048295532296 0.0658158975406721 0.035104175497895976
1 0.7182439224285398 0.46466260137431004 0.30261698165323575 0.19178079454985522
0 0.4075064103282914 0.44114577813815037 0.3494283491396784 0.18248020561978073
1 0.5710371243221338 0.5268228393934106 0.048528403590796285 0.01731647477225664
1 0.4945109857584523 0.5232464608076224 0.026653403590796286 0.01655258293962447
1 0.7192882719610016 0.5536705376719792 0.04239657825883114 0.037410719962933034
1 0.38282859719477075 0.5208977655242786 0.1941227047222643 0.0708283990890262
1 0.24225359416970865 0.5172147487340556 0.042560204722264315 0.06553571996293321
1 0.4178075851927182 0.5501388322218344 0.10636817466803503 0.02402283175849824
1 0.3334462207313376 0.5507415221477006 0.07043976502711465 0.024330366604888454