0 0.663231271085903 0.2328125 0.10865156743868062 0.1703125
0 0.5618519154625697 0.3078125 0.16929812670923622 0.1578125
0 0.8718957966371181 0.13515625 0.14680357123840296 0.0640625
1 0.5013521329775003 0.39375 0.03808188145888884 0.025
1 0.5770788315907295 0.39140625 0.019186411094166543 0.01875
1 0.47437205888930595 0.409375 0.024164851823611146 0.03125
1 0.6035685964083684 0.38828125 0.030378484232430482 0.0296875
1 0.5052408523922921 0.4265625 0.019186411094166543 0.01875
1 0.5823663968452086 0.4171875 0.02721711664125017 0.028125
0 0.5625948382402433 0.20546875 0.12071384992375016 0.084375
0 0.751257294737257 0.18828125 0.13092530452090295 0.1203125