0 0.5716320785535067 0.3292265664429853 0.3655938580918752 0.2776442445232167
0 0.3729211684092705 0.38029027593075443 0.3196267414506252 0.24820078543115898
0 0.7402710161488191 0.42971699676780173 0.15029355357097246 0.151148626022532
1 0.5903969962971871 0.49575483689695643 0.16293771751493047 0.09062030298213611
1 0.6997531592912148 0.5269246173800574 0.08746493882958344 0.06812552586424747
1 0.3525515041809718 0.517509131103604 0.22227634992374998 0.0907854390337981
1 0.4867082986338884 0.5229742179340533 0.04723867591180557 0.01698892319868044
1 0.5367803806058676 0.5519653844688163 0.21006598423243047 0.035779690287439436
1 0.1792951889264926 0.5483141648854103 0.04186149810013893 0.05430706677218957
1 0.3687207116279162 0.5607590259307544 0.11290004350298606 0.020460915676833124
1 0.27644229264996484 0.5673476582214926 0.05334320554708327 0.010920779625171306