0 0.5347535239497295 0.3640399399268216 0.48708511338317956 0.37280553206554246
1 0.8038024212683211 0.4694883192234596 0.020494313335454352 0.015861357336090797
1 0.38107289859168525 0.5478347792807297 0.026707950668363532 0.01280908267027243
1 0.4178552832590944 0.5419387679424117 0.014189769334818081 0.011101132001908987
1 0.3473700605904126 0.5576006779519568 0.042605670671545234 0.03642839600572696
1 0.46551153325909433 0.5413842372692756 0.05181703866963616 0.022474984006999675
1 0.6774848219287305 0.5170456665738679 0.02674431333545435 0.01593408267027261
1 0.572588236592958 0.5362325659214127 0.0785977146721816 0.04153406667727229
1 0.6351245992600487 0.532380312579595 0.020494313335454352 0.015861357336090797
1 0.4151933599220491 0.5693097899427298 0.06934998400699968 0.052362478675999566
1 0.46284051925527636 0.5695365092695939 0.020457950668363624 0.012736357336090798
1 0.4405200765834129 0.60807229793923 0.03324885200509069 0.037881808004454245