1 0.798519846769608 0.750658476510021 0.05427100593149916 0.029670779625171128
1 0.6373170444118808 0.5989188171013942 0.11629084486680377 0.058006379783455665
1 0.7172592123966584 0.5949874865391508 0.016452670950527094 0.02076714106622681
1 0.7700340439175892 0.6051270161643221 0.05152800790866543 0.038954851411925874
1 0.8358500449061722 0.6023490086424745 0.01995967292769336 0.030233069279472245
1 0.8822621298871443 0.5958776997878437 0.04945617193911041 0.026409387305303157
1 0.33264413186431063 0.57049933425666 0.024201503954332716 0.01943196159934022
1 0.3625398788985611 0.5854483843358023 0.030451503954332715 0.01961381802583091
1 0.3922592123966583 0.5855309523616332 0.020821835969555114 0.013091033386094787
1 0.29283221536240783 0.5685587495377815 0.027326503954332716 0.019522889812585476
1 0.22956555281483776 0.5471634711662517 0.011383168973360735 0.011255748746358662