1 0.7942804900289231 0.7397735472231414 0.05214438145888885 0.025599984006999678
1 0.6417218005337495 0.582997930577686 0.1136273953265972 0.04974655601527189
1 0.7214274843293398 0.5812894325668683 0.014535278685347208 0.020476132001908988
1 0.7734802935998953 0.5931803578930959 0.04923758700597229 0.03493862133990895
1 0.8391052935998953 0.5924167418841871 0.01787848423243048 0.02988749466899989
1 0.886089396373437 0.5871838018778238 0.04894664627652787 0.02243862133990877
1 0.33877929170003424 0.545127949952275 0.02383754350298606 0.017460220003181703
1 0.36806674819704815 0.5619700046149114 0.030087543502986147 0.017532945337363513
1 0.39773606440145787 0.5624058092775479 0.019004573138263935 0.011155676002545434
1 0.2997895268823954 0.542457483290911 0.026962543502986058 0.01749658267027261
1 0.237071974545694 0.5189750772995015 0.009593205547083362 0.009484088001272716