0 0.41855076586837114 0.37421875 0.8371015317367423 0.50625
1 0.1293545985754389 0.5484375 0.028397784639736124 0.009375
1 0.17547342913768219 0.628125 0.20697742570596295 0.025
1 0.6723029650310595 0.6296875 0.04420464106622681 0.015625
1 0.39560407271119147 0.634375 0.01580685642649069 0.00625
1 0.50305285985821 0.646875 0.05679556927947225 0.01875
1 0.8076948957515873 0.6484375 0.022329641066226813 0.015625
1 0.7496550752184739 0.65625 0.025545569279472248 0.01875
1 0.4214391470052286 0.659375 0.06340928213245363 0.03125
1 0.2135811828986059 0.6609375 0.02857964106622681 0.015625
1 0.7072857187919832 0.6625 0.028670569279472247 0.01875
1 0.6431322905787378 0.665625 0.05715928213245362 0.03125
1 0.5819674700456244 0.6734375 0.047511497492717505 0.021875
1 0.10352422129926567 0.684375 0.01598871285298147 0.0125