0 0.43246326704283333 0.3778580866088663 0.8618718977232286 0.6005338267822674
1 0.16255769033690232 0.5833835699793191 0.02990568831160272 0.012845445337363514
1 0.22010318343704344 0.6569477919716832 0.2086307061685102 0.04929311736154425
1 0.7137616801906326 0.6011933999045498 0.045667056006354304 0.020839758672817864
1 0.440129311278065 0.6379779739417755 0.015761367694751626 0.007994313335454351
1 0.54795544804754 0.6375047119271396 0.058248876623205346 0.025672709341181488
1 0.8513298640380084 0.6034996925525506 0.02373750892845372 0.017460220003181703
1 0.7945440758885616 0.6182258112269594 0.02694432954530477 0.02218408267027261
1 0.46941739082336964 0.6595166192711848 0.0662795649348082 0.03826361600890884
1 0.26279524390762476 0.6853631459659562 0.03001478246740401 0.019095445337363515
1 0.7533287406612139 0.6296451165659137 0.03006932954530477 0.022220445337363514
1 0.6902111318949159 0.6397564605745043 0.0600295649348082 0.03819089067472703
1 0.630300343745469 0.6545189419160039 0.048901150162155814 0.02712612133990877
1 0.15714526176453222 0.7209744766470464 0.017432961850553052 0.014262494668999893